400 210.917
410 205.475
420 220.895
430 218.872
440 211.073
450 213.846
460 207.506
470 224.305
480 258.87
490 256.863
500 264.443
510 219.836
520 220.258
530 232.515
540 213.734
550 209.955
560 205.542
570 207.063
580 206.177
590 205.243
600 203.861
610 204.165
620 205.18
630 206.966
640 210.502
650 208.966
660 208.428
670 209.825
680 211.491
690 211.629
700 213.925
710 213.696
720 211.624
730 209.619
740 211.159
750 210.179
760 213.178
770 210.415
780 213.312
790 214.469
800 211.475
810 209.398
820 209.064
830 211.401
840 219.635
850 206.928
860 206.851
870 207.531
880 212.399
890 260.961
900 214.238
910 211.716
920 210.294
930 208.782
940 207.917
950 206.935
960 206.694
970 208.107
980 209.133
990 216.728